10.000000 -0.850601
11.000000 -0.842346
12.000000 -0.833366
13.000000 -0.823680
14.000000 -0.813305
15.000000 -0.802260
16.000000 -0.790565
17.000000 -0.778241
18.000000 -0.765313
19.000000 -0.751802
20.000000 -0.737733
21.000000 -0.723133
22.000000 -0.708027
23.000000 -0.692442
24.000000 -0.676407
25.000000 -0.659949
26.000000 -0.643099
27.000000 -0.625885
28.000000 -0.608339
29.000000 -0.590490
30.000000 -0.572369
31.000000 -0.554008
32.000000 -0.535438
33.000000 -0.516691
34.000000 -0.497797
35.000000 -0.478789
36.000000 -0.459698
37.000000 -0.440556
38.000000 -0.421393
39.000000 -0.402239
40.000000 -0.383127
41.000000 -0.364085
42.000000 -0.345143
43.000000 -0.326330
44.000000 -0.307674
45.000000 -0.289203
46.000000 -0.270944
47.000000 -0.252924
48.000000 -0.235167
49.000000 -0.217698
50.000000 -0.200540
51.000000 -0.183717
52.000000 -0.167250
53.000000 -0.151159
54.000000 -0.135463
55.000000 -0.120182
56.000000 -0.105333
57.000000 -0.090930
58.000000 -0.076990
59.000000 -0.063526
60.000000 -0.050551
61.000000 -0.038074
62.000000 -0.026108
63.000000 -0.014659
64.000000 -0.003737
65.000000 0.006655
66.000000 0.016509
67.000000 0.025823
68.000000 0.034595
69.000000 0.042822
70.000000 0.050506
71.000000 0.057648
72.000000 0.064249
73.000000 0.070313
74.000000 0.075846
75.000000 0.080853
76.000000 0.085340
77.000000 0.089316
78.000000 0.092789
79.000000 0.095770
80.000000 0.098269
81.000000 0.100298
82.000000 0.101869
83.000000 0.102996
84.000000 0.103692
85.000000 0.103972
86.000000 0.103852
87.000000 0.103347
88.000000 0.102474
89.000000 0.101250
90.000000 0.099692
91.000000 0.097818
92.000000 0.095647
93.000000 0.093195
94.000000 0.090483
95.000000 0.087528
96.000000 0.084350
97.000000 0.080967
98.000000 0.077399
99.000000 0.073664
100.000000 0.069782
101.000000 0.065770
102.000000 0.061648
103.000000 0.057433
104.000000 0.053144
105.000000 0.048799
106.000000 0.044414
107.000000 0.040006
108.000000 0.035593
109.000000 0.031189
110.000000 0.026811
111.000000 0.022473
112.000000 0.018190
113.000000 0.013975
114.000000 0.009842
115.000000 0.005803
116.000000 0.001869
117.000000 -0.001947
118.000000 -0.005637
119.000000 -0.009189
120.000000 -0.012596
121.000000 -0.015848
122.000000 -0.018940
123.000000 -0.021863
124.000000 -0.024612
125.000000 -0.027182
126.000000 -0.029569
127.000000 -0.031768
128.000000 -0.033778
129.000000 -0.035595
130.000000 -0.037219
131.000000 -0.038649
132.000000 -0.039884
133.000000 -0.040926
134.000000 -0.041776
135.000000 -0.042436
136.000000 -0.042908
137.000000 -0.043196
138.000000 -0.043303
139.000000 -0.043235
140.000000 -0.042995
141.000000 -0.042589
142.000000 -0.042023
143.000000 -0.041303
144.000000 -0.040436
145.000000 -0.039429
146.000000 -0.038290
147.000000 -0.037025
148.000000 -0.035643
149.000000 -0.034153
150.000000 -0.032561
151.000000 -0.030878
152.000000 -0.029112
153.000000 -0.027271
154.000000 -0.025365
155.000000 -0.023402
156.000000 -0.021392
157.000000 -0.019342
158.000000 -0.017263
159.000000 -0.015162
160.000000 -0.013049
161.000000 -0.010931
162.000000 -0.008818
163.000000 -0.006717
164.000000 -0.004637
165.000000 -0.002584
166.000000 -0.000567
167.000000 0.001409
168.000000 0.003335
169.000000 0.005205
170.000000 0.007014
171.000000 0.008756
172.000000 0.010424
173.000000 0.012015
174.000000 0.013524
175.000000 0.014945
176.000000 0.016277
177.000000 0.017515
178.000000 0.018656
179.000000 0.019698
180.000000 0.020639
181.000000 0.021478
182.000000 0.022212
183.000000 0.022841
184.000000 0.023365
185.000000 0.023783
186.000000 0.024097
187.000000 0.024307
188.000000 0.024414
189.000000 0.024419
190.000000 0.024326
191.000000 0.024135
192.000000 0.023850
193.000000 0.023473
194.000000 0.023008
195.000000 0.022458
196.000000 0.021826
197.000000 0.021118
198.000000 0.020337
199.000000 0.019488
200.000000 0.018574
201.000000 0.017602
202.000000 0.016575
203.000000 0.015500
204.000000 0.014380
205.000000 0.013222
206.000000 0.012030
207.000000 0.010810
208.000000 0.009568
209.000000 0.008308
210.000000 0.007036
211.000000 0.005757
212.000000 0.004476
213.000000 0.003200
214.000000 0.001931
215.000000 0.000676
216.000000 -0.000560
217.000000 -0.001774
218.000000 -0.002961
219.000000 -0.004116
220.000000 -0.005235
221.000000 -0.006314
222.000000 -0.007351
223.000000 -0.008340
224.000000 -0.009280
225.000000 -0.010167
226.000000 -0.010998
227.000000 -0.011771
228.000000 -0.012484
229.000000 -0.013135
230.000000 -0.013722
231.000000 -0.014244
232.000000 -0.014700
233.000000 -0.015088
234.000000 -0.015410
235.000000 -0.015663
236.000000 -0.015849
237.000000 -0.015967
238.000000 -0.016018
239.000000 -0.016003
240.000000 -0.015923
241.000000 -0.015779
242.000000 -0.015573
243.000000 -0.015307
244.000000 -0.014981
245.000000 -0.014599
246.000000 -0.014163
247.000000 -0.013676
248.000000 -0.013139
249.000000 -0.012557
250.000000 -0.011931
251.000000 -0.011266
252.000000 -0.010564
253.000000 -0.009829
254.000000 -0.009063
255.000000 -0.008271
256.000000 -0.007457
257.000000 -0.006623
258.000000 -0.005773
259.000000 -0.004912
260.000000 -0.004041
261.000000 -0.003167
262.000000 -0.002291
263.000000 -0.001417
264.000000 -0.000549
265.000000 0.000310
266.000000 0.001156
267.000000 0.001986
268.000000 0.002797
269.000000 0.003587
270.000000 0.004351
271.000000 0.005088
272.000000 0.005795
273.000000 0.006469
274.000000 0.007107
275.000000 0.007709
276.000000 0.008272
277.000000 0.008794
278.000000 0.009273
279.000000 0.009708
280.000000 0.010099
281.000000 0.010443
282.000000 0.010741
283.000000 0.010991
284.000000 0.011193
285.000000 0.011346
286.000000 0.011452
287.000000 0.011509
288.000000 0.011519
289.000000 0.011482
290.000000 0.011398
291.000000 0.011268
292.000000 0.011094
293.000000 0.010877
294.000000 0.010618
295.000000 0.010318
296.000000 0.009980
297.000000 0.009605
298.000000 0.009195
299.000000 0.008752
300.000000 0.008278
301.000000 0.007776
302.000000 0.007248
303.000000 0.006696
304.000000 0.006123
305.000000 0.005532
306.000000 0.004924
307.000000 0.004303
308.000000 0.003672
309.000000 0.003032
310.000000 0.002387
311.000000 0.001739
312.000000 0.001091
313.000000 0.000446
314.000000 -0.000194
315.000000 -0.000827
316.000000 -0.001449
317.000000 -0.002059
318.000000 -0.002654
319.000000 -0.003232
320.000000 -0.003790
321.000000 -0.004327
322.000000 -0.004841
323.000000 -0.005330
324.000000 -0.005792
325.000000 -0.006225
326.000000 -0.006629
327.000000 -0.007001
328.000000 -0.007341
329.000000 -0.007648
330.000000 -0.007920
331.000000 -0.008157
332.000000 -0.008358
333.000000 -0.008524
334.000000 -0.008653
335.000000 -0.008745
336.000000 -0.008800
337.000000 -0.008819
338.000000 -0.008802
339.000000 -0.008750
340.000000 -0.008661
341.000000 -0.008539
342.000000 -0.008383
343.000000 -0.008194
344.000000 -0.007973
345.000000 -0.007722
346.000000 -0.007442
347.000000 -0.007135
348.000000 -0.006801
349.000000 -0.006442
350.000000 -0.006061
351.000000 -0.005658
352.000000 -0.005236
353.000000 -0.004797
354.000000 -0.004342
355.000000 -0.003873
356.000000 -0.003394
357.000000 -0.002904
358.000000 -0.002408
359.000000 -0.001906
360.000000 -0.001401
361.000000 -0.000894
362.000000 -0.000389
363.000000 0.000113
364.000000 0.000611
365.000000 0.001101
366.000000 0.001583
367.000000 0.002054
368.000000 0.002512
369.000000 0.002956
370.000000 0.003384
371.000000 0.003795
372.000000 0.004186
373.000000 0.004557
374.000000 0.004906
375.000000 0.005233
376.000000 0.005535
377.000000 0.005812
378.000000 0.006062
379.000000 0.006286
380.000000 0.006483
381.000000 0.006651
382.000000 0.006791
383.000000 0.006902
384.000000 0.006984
385.000000 0.007037
386.000000 0.007061
387.000000 0.007055
388.000000 0.007021
389.000000 0.006959
390.000000 0.006869
391.000000 0.006751
392.000000 0.006607
393.000000 0.006438
394.000000 0.006243
395.000000 0.006024
396.000000 0.005783
397.000000 0.005520
398.000000 0.005237
399.000000 0.004935
400.000000 0.004615
401.000000 0.004279
402.000000 0.003928
403.000000 0.003563
404.000000 0.003187
405.000000 0.002802
406.000000 0.002407
407.000000 0.002006
408.000000 0.001600
409.000000 0.001190
410.000000 0.000779
411.000000 0.000368
412.000000 -0.000042
413.000000 -0.000448
414.000000 -0.000849
415.000000 -0.001244
416.000000 -0.001631
417.000000 -0.002008
418.000000 -0.002374
419.000000 -0.002728
420.000000 -0.003068
421.000000 -0.003394
422.000000 -0.003702
423.000000 -0.003994
424.000000 -0.004267
425.000000 -0.004521
426.000000 -0.004754
427.000000 -0.004967
428.000000 -0.005157
429.000000 -0.005326
430.000000 -0.005471
431.000000 -0.005593
432.000000 -0.005692
433.000000 -0.005767
434.000000 -0.005817
435.000000 -0.005844
436.000000 -0.005847
437.000000 -0.005826
438.000000 -0.005781
439.000000 -0.005713
440.000000 -0.005623
441.000000 -0.005510
442.000000 -0.005375
443.000000 -0.005220
444.000000 -0.005044
445.000000 -0.004850
446.000000 -0.004637
447.000000 -0.004406
448.000000 -0.004159
449.000000 -0.003897
450.000000 -0.003621
451.000000 -0.003332
452.000000 -0.003032
453.000000 -0.002721
454.000000 -0.002401
455.000000 -0.002074
456.000000 -0.001740
457.000000 -0.001401
458.000000 -0.001060
459.000000 -0.000716
460.000000 -0.000371
461.000000 -0.000027
462.000000 0.000314
463.000000 0.000653
464.000000 0.000986
465.000000 0.001313
466.000000 0.001632
467.000000 0.001943
468.000000 0.002244
469.000000 0.002534
470.000000 0.002812
471.000000 0.003077
472.000000 0.003327
473.000000 0.003562
474.000000 0.003782
475.000000 0.003984
476.000000 0.004169
477.000000 0.004336
478.000000 0.004485
479.000000 0.004614
480.000000 0.004724
481.000000 0.004814
482.000000 0.004883
483.000000 0.004933
484.000000 0.004962
485.000000 0.004971
486.000000 0.004959
487.000000 0.004928
488.000000 0.004877
489.000000 0.004806
490.000000 0.004716
491.000000 0.004608
492.000000 0.004482
493.000000 0.004338
494.000000 0.004177
495.000000 0.004001
496.000000 0.003809
497.000000 0.003603
498.000000 0.003384
499.000000 0.003152
500.000000 0.002909
501.000000 0.002655
502.000000 0.002392
503.000000 0.002121
504.000000 0.001843
505.000000 0.001559
506.000000 0.001271
507.000000 0.000979
508.000000 0.000685
509.000000 0.000389
510.000000 0.000094
511.000000 -0.000200
512.000000 -0.000491
513.000000 -0.000779
514.000000 -0.001062
515.000000 -0.001339
516.000000 -0.001609
517.000000 -0.001871
518.000000 -0.002123
519.000000 -0.002366
520.000000 -0.002598
521.000000 -0.002818
522.000000 -0.003026
523.000000 -0.003220
524.000000 -0.003400
525.000000 -0.003565
526.000000 -0.003714
527.000000 -0.003848
528.000000 -0.003966
529.000000 -0.004067
530.000000 -0.004150
531.000000 -0.004217
532.000000 -0.004266
533.000000 -0.004298
534.000000 -0.004312
535.000000 -0.004308
536.000000 -0.004287
537.000000 -0.004249
538.000000 -0.004194
539.000000 -0.004122
540.000000 -0.004034
541.000000 -0.003930
542.000000 -0.003810
543.000000 -0.003676
544.000000 -0.003528
545.000000 -0.003366
546.000000 -0.003191
547.000000 -0.003004
548.000000 -0.002807
549.000000 -0.002598
550.000000 -0.002381
551.000000 -0.002155
552.000000 -0.001921
553.000000 -0.001681
554.000000 -0.001435
555.000000 -0.001185
556.000000 -0.000931
557.000000 -0.000675
558.000000 -0.000417
559.000000 -0.000159
560.000000 0.000098
561.000000 0.000354
562.000000 0.000607
563.000000 0.000856
564.000000 0.001100
565.000000 0.001339
566.000000 0.001571
567.000000 0.001796
568.000000 0.002012
569.000000 0.002219
570.000000 0.002416
571.000000 0.002602
572.000000 0.002777
573.000000 0.002940
574.000000 0.003090
575.000000 0.003227
576.000000 0.003350
577.000000 0.003459
578.000000 0.003554
579.000000 0.003633
580.000000 0.003698
581.000000 0.003747
582.000000 0.003781
583.000000 0.003799
584.000000 0.003802
585.000000 0.003790
586.000000 0.003763
587.000000 0.003720
588.000000 0.003662
589.000000 0.003590
590.000000 0.003504
591.000000 0.003404
592.000000 0.003291
593.000000 0.003165
594.000000 0.003027
595.000000 0.002877
596.000000 0.002716
597.000000 0.002546
598.000000 0.002365
599.000000 0.002176
600.000000 0.001979
601.000000 0.001775
602.000000 0.001565
603.000000 0.001349
604.000000 0.001129
605.000000 0.000905
606.000000 0.000679
607.000000 0.000451
608.000000 0.000222
609.000000 -0.000006
610.000000 -0.000234
611.000000 -0.000459
612.000000 -0.000682
613.000000 -0.000901
614.000000 -0.001115
615.000000 -0.001324
616.000000 -0.001527
617.000000 -0.001722
618.000000 -0.001910
619.000000 -0.002089
620.000000 -0.002259
621.000000 -0.002419
622.000000 -0.002568
623.000000 -0.002707
624.000000 -0.002834
625.000000 -0.002949
626.000000 -0.003052
627.000000 -0.003141
628.000000 -0.003218
629.000000 -0.003282
630.000000 -0.003332
631.000000 -0.003368
632.000000 -0.003390
633.000000 -0.003399
634.000000 -0.003394
635.000000 -0.003375
636.000000 -0.003343
637.000000 -0.003298
638.000000 -0.003239
639.000000 -0.003168
640.000000 -0.003084
641.000000 -0.002988
642.000000 -0.002880
643.000000 -0.002761
644.000000 -0.002632
645.000000 -0.002492
646.000000 -0.002343
647.000000 -0.002186
648.000000 -0.002020
649.000000 -0.001846
650.000000 -0.001666
651.000000 -0.001480
652.000000 -0.001289
653.000000 -0.001093
654.000000 -0.000894
655.000000 -0.000692
656.000000 -0.000488
657.000000 -0.000283
658.000000 -0.000077
659.000000 0.000128
660.000000 0.000331
661.000000 0.000532
662.000000 0.000731
663.000000 0.000926
664.000000 0.001116
665.000000 0.001300
666.000000 0.001479
667.000000 0.001652
668.000000 0.001816
669.000000 0.001973
670.000000 0.002122
671.000000 0.002261
672.000000 0.002390
673.000000 0.002509
674.000000 0.002618
675.000000 0.002716
676.000000 0.002802
677.000000 0.002877
678.000000 0.002940
679.000000 0.002991
680.000000 0.003030
681.000000 0.003056
682.000000 0.003070
683.000000 0.003071
684.000000 0.003060
685.000000 0.003037
686.000000 0.003002
687.000000 0.002954
688.000000 0.002895
689.000000 0.002825
690.000000 0.002743
691.000000 0.002651
692.000000 0.002548
693.000000 0.002436
694.000000 0.002314
695.000000 0.002183
696.000000 0.002044
697.000000 0.001898
698.000000 0.001744
699.000000 0.001584
700.000000 0.001418
701.000000 0.001247
702.000000 0.001071
703.000000 0.000892
704.000000 0.000710
705.000000 0.000526
706.000000 0.000340
707.000000 0.000154
708.000000 -0.000032
709.000000 -0.000217
710.000000 -0.000401
711.000000 -0.000583
712.000000 -0.000761
713.000000 -0.000936
714.000000 -0.001106
715.000000 -0.001272
716.000000 -0.001431
717.000000 -0.001584
718.000000 -0.001731
719.000000 -0.001870
720.000000 -0.002000
721.000000 -0.002123
722.000000 -0.002236
723.000000 -0.002340
724.000000 -0.002434
725.000000 -0.002518
726.000000 -0.002591
727.000000 -0.002654
728.000000 -0.002706
729.000000 -0.002747
730.000000 -0.002776
731.000000 -0.002795
732.000000 -0.002802
733.000000 -0.002798
734.000000 -0.002782
735.000000 -0.002756
736.000000 -0.002718
737.000000 -0.002670
738.000000 -0.002611
739.000000 -0.002542
740.000000 -0.002463
741.000000 -0.002374
742.000000 -0.002276
743.000000 -0.002169
744.000000 -0.002054
745.000000 -0.001931
746.000000 -0.001800
747.000000 -0.001663
748.000000 -0.001520
749.000000 -0.001371
750.000000 -0.001217
751.000000 -0.001059
752.000000 -0.000897
753.000000 -0.000732
754.000000 -0.000564
755.000000 -0.000395
756.000000 -0.000225
757.000000 -0.000054
758.000000 0.000116
759.000000 0.000285
760.000000 0.000452
761.000000 0.000617
762.000000 0.000779
763.000000 0.000937
764.000000 0.001091
765.000000 0.001240
766.000000 0.001384
767.000000 0.001521
768.000000 0.001652
769.000000 0.001776
770.000000 0.001893
771.000000 0.002001
772.000000 0.002101
773.000000 0.002192
774.000000 0.002274
775.000000 0.002347
776.000000 0.002410
777.000000 0.002463
778.000000 0.002506
779.000000 0.002539
780.000000 0.002561
781.000000 0.002574
782.000000 0.002575
783.000000 0.002567
784.000000 0.002548
785.000000 0.002519
786.000000 0.002480
787.000000 0.002431
788.000000 0.002373
789.000000 0.002305
790.000000 0.002228
791.000000 0.002143
792.000000 0.002049
793.000000 0.001947
794.000000 0.001838
795.000000 0.001722
796.000000 0.001599
797.000000 0.001470
798.000000 0.001336
799.000000 0.001196
800.000000 0.001053
801.000000 0.000905
802.000000 0.000755
803.000000 0.000602
804.000000 0.000447
805.000000 0.000290
806.000000 0.000133
807.000000 -0.000024
808.000000 -0.000180
809.000000 -0.000335
810.000000 -0.000489
811.000000 -0.000640
812.000000 -0.000788
813.000000 -0.000932
814.000000 -0.001072
815.000000 -0.001208
816.000000 -0.001338
817.000000 -0.001462
818.000000 -0.001580
819.000000 -0.001692
820.000000 -0.001796
821.000000 -0.001893
822.000000 -0.001982
823.000000 -0.002062
824.000000 -0.002134
825.000000 -0.002198
826.000000 -0.002252
827.000000 -0.002297
828.000000 -0.002333
829.000000 -0.002359
830.000000 -0.002376
831.000000 -0.002383
832.000000 -0.002381
833.000000 -0.002369
834.000000 -0.002348
835.000000 -0.002317
836.000000 -0.002277
837.000000 -0.002228
838.000000 -0.002171
839.000000 -0.002104
840.000000 -0.002030
841.000000 -0.001947
842.000000 -0.001857
843.000000 -0.001760
844.000000 -0.001656
845.000000 -0.001546
846.000000 -0.001430
847.000000 -0.001308
848.000000 -0.001182
849.000000 -0.001051
850.000000 -0.000917
851.000000 -0.000779
852.000000 -0.000638
853.000000 -0.000495
854.000000 -0.000351
855.000000 -0.000206
856.000000 -0.000060
857.000000 0.000085
858.000000 0.000230
859.000000 0.000374
860.000000 0.000515
861.000000 0.000654
862.000000 0.000790
863.000000 0.000923
864.000000 0.001051
865.000000 0.001175
866.000000 0.001294
867.000000 0.001407
868.000000 0.001514
869.000000 0.001615
870.000000 0.001709
871.000000 0.001796
872.000000 0.001876
873.000000 0.001947
874.000000 0.002011
875.000000 0.002067
876.000000 0.002114
877.000000 0.002153
878.000000 0.002182
879.000000 0.002203
880.000000 0.002215
881.000000 0.002219
882.000000 0.002213
883.000000 0.002198
884.000000 0.002175
885.000000 0.002143
886.000000 0.002103
887.000000 0.002054
888.000000 0.001997
889.000000 0.001932
890.000000 0.001860
891.000000 0.001781
892.000000 0.001694
893.000000 0.001601
894.000000 0.001502
895.000000 0.001397
896.000000 0.001287
897.000000 0.001172
898.000000 0.001053
899.000000 0.000929
900.000000 0.000803
901.000000 0.000673
902.000000 0.000541
903.000000 0.000407
904.000000 0.000272
905.000000 0.000137
906.000000 0.000001
907.000000 -0.000135
908.000000 -0.000269
909.000000 -0.000402
910.000000 -0.000534
911.000000 -0.000662
912.000000 -0.000788
913.000000 -0.000910
914.000000 -0.001029
915.000000 -0.001142
916.000000 -0.001251
917.000000 -0.001355
918.000000 -0.001453
919.000000 -0.001545
920.000000 -0.001630
921.000000 -0.001709
922.000000 -0.001781
923.000000 -0.001845
924.000000 -0.001902
925.000000 -0.001951
926.000000 -0.001992
927.000000 -0.002025
928.000000 -0.002050
929.000000 -0.002066
930.000000 -0.002074
931.000000 -0.002074
932.000000 -0.002066
933.000000 -0.002049
934.000000 -0.002025
935.000000 -0.001992
936.000000 -0.001951
937.000000 -0.001903
938.000000 -0.001847
939.000000 -0.001784
940.000000 -0.001713
941.000000 -0.001637
942.000000 -0.001553
943.000000 -0.001464
944.000000 -0.001370
945.000000 -0.001270
946.000000 -0.001165
947.000000 -0.001055
948.000000 -0.000942
949.000000 -0.000826
950.000000 -0.000706
951.000000 -0.000584
952.000000 -0.000460
953.000000 -0.000334
954.000000 -0.000207
955.000000 -0.000080
956.000000 0.000047
957.000000 0.000174
958.000000 0.000300
959.000000 0.000424
960.000000 0.000546
961.000000 0.000666
962.000000 0.000783
963.000000 0.000896
964.000000 0.001006
965.000000 0.001111
966.000000 0.001211
967.000000 0.001307
968.000000 0.001396
969.000000 0.001481
970.000000 0.001559
971.000000 0.001630
972.000000 0.001695
973.000000 0.001753
974.000000 0.001804
975.000000 0.001847
976.000000 0.001883
977.000000 0.001911
978.000000 0.001932
979.000000 0.001945
980.000000 0.001950
981.000000 0.001947
982.000000 0.001936
983.000000 0.001918
984.000000 0.001892
985.000000 0.001859
986.000000 0.001818
987.000000 0.001770
988.000000 0.001715
989.000000 0.001654
990.000000 0.001586
991.000000 0.001511
992.000000 0.001431
993.000000 0.001346
994.000000 0.001255
995.000000 0.001159
996.000000 0.001059
997.000000 0.000955
998.000000 0.000848
999.000000 0.000737
1000.000000 0.000623
1001.000000 0.000508
1002.000000 0.000390
1003.000000 0.000272
1004.000000 0.000152
1005.000000 0.000033
1006.000000 -0.000087
1007.000000 -0.000206
1008.000000 -0.000324
1009.000000 -0.000440
1010.000000 -0.000554
1011.000000 -0.000666
1012.000000 -0.000775
1013.000000 -0.000881
1014.000000 -0.000982
1015.000000 -0.001080
1016.000000 -0.001173
1017.000000 -0.001261
1018.000000 -0.001344
1019.000000 -0.001421
1020.000000 -0.001493
1021.000000 -0.001558
1022.000000 -0.001617
1023.000000 -0.001670
1024.000000 -0.001715
1025.000000 -0.001754
1026.000000 -0.001785
1027.000000 -0.001810
1028.000000 -0.001827
1029.000000 -0.001836
1030.000000 -0.001839
1031.000000 -0.001834
1032.000000 -0.001821
1033.000000 -0.001802
1034.000000 -0.001775
1035.000000 -0.001741
1036.000000 -0.001701
1037.000000 -0.001653
1038.000000 -0.001600
1039.000000 -0.001539
1040.000000 -0.001473
1041.000000 -0.001401
1042.000000 -0.001324
1043.000000 -0.001242
1044.000000 -0.001155
1045.000000 -0.001063
1046.000000 -0.000967
1047.000000 -0.000868
1048.000000 -0.000766
1049.000000 -0.000660
1050.000000 -0.000552
1051.000000 -0.000443
1052.000000 -0.000332
1053.000000 -0.000219
1054.000000 -0.000106
1055.000000 0.000007
1056.000000 0.000120
1057.000000 0.000232
1058.000000 0.000343
1059.000000 0.000452
1060.000000 0.000559
1061.000000 0.000664
1062.000000 0.000766
1063.000000 0.000865
1064.000000 0.000960
1065.000000 0.001051
1066.000000 0.001137
1067.000000 0.001219
1068.000000 0.001296
1069.000000 0.001367
1070.000000 0.001433
1071.000000 0.001493
1072.000000 0.001547
1073.000000 0.001594
1074.000000 0.001635
1075.000000 0.001670
1076.000000 0.001697
1077.000000 0.001718
1078.000000 0.001732
1079.000000 0.001739
1080.000000 0.001739
1081.000000 0.001732
1082.000000 0.001719
1083.000000 0.001698
1084.000000 0.001671
1085.000000 0.001637
1086.000000 0.001596
1087.000000 0.001550
1088.000000 0.001497
1089.000000 0.001438
1090.000000 0.001374
1091.000000 0.001304
1092.000000 0.001230
1093.000000 0.001150
1094.000000 0.001067
1095.000000 0.000979
1096.000000 0.000887
1097.000000 0.000792
1098.000000 0.000694
1099.000000 0.000594
1100.000000 0.000491
1101.000000 0.000387
1102.000000 0.000281
1103.000000 0.000174
1104.000000 0.000067
1105.000000 -0.000040
1106.000000 -0.000147
1107.000000 -0.000253
1108.000000 -0.000357
1109.000000 -0.000460
1110.000000 -0.000561
1111.000000 -0.000660
1112.000000 -0.000756
1113.000000 -0.000848
1114.000000 -0.000937
1115.000000 -0.001022
1116.000000 -0.001103
1117.000000 -0.001179
1118.000000 -0.001250
1119.000000 -0.001317
1120.000000 -0.001377
1121.000000 -0.001432
1122.000000 -0.001482
1123.000000 -0.001525
1124.000000 -0.001562
1125.000000 -0.001593
1126.000000 -0.001618
1127.000000 -0.001635
1128.000000 -0.001647
1129.000000 -0.001652
1130.000000 -0.001650
1131.000000 -0.001641
1132.000000 -0.001626
1133.000000 -0.001605
1134.000000 -0.001577
1135.000000 -0.001543
1136.000000 -0.001503
1137.000000 -0.001457
1138.000000 -0.001405
1139.000000 -0.001348
1140.000000 -0.001286
1141.000000 -0.001218
1142.000000 -0.001146
1143.000000 -0.001069
1144.000000 -0.000989
1145.000000 -0.000904
1146.000000 -0.000816
1147.000000 -0.000725
1148.000000 -0.000631
1149.000000 -0.000535
1150.000000 -0.000437
1151.000000 -0.000338
1152.000000 -0.000237
1153.000000 -0.000135
1154.000000 -0.000034
1155.000000 0.000068
1156.000000 0.000169
1157.000000 0.000270
1158.000000 0.000369
1159.000000 0.000466
1160.000000 0.000562
1161.000000 0.000655
1162.000000 0.000745
1163.000000 0.000832
1164.000000 0.000915
1165.000000 0.000995
1166.000000 0.001071
1167.000000 0.001142
1168.000000 0.001208
1169.000000 0.001270
1170.000000 0.001326
1171.000000 0.001377
1172.000000 0.001422
1173.000000 0.001462
1174.000000 0.001496
1175.000000 0.001523
1176.000000 0.001545
1177.000000 0.001560
1178.000000 0.001569
1179.000000 0.001572
1180.000000 0.001569
1181.000000 0.001559
1182.000000 0.001543
1183.000000 0.001521
1184.000000 0.001493
1185.000000 0.001459
1186.000000 0.001419
1187.000000 0.001374
1188.000000 0.001323
1189.000000 0.001267
1190.000000 0.001207
1191.000000 0.001141
1192.000000 0.001071
1193.000000 0.000997
1194.000000 0.000919
1195.000000 0.000838
1196.000000 0.000753
1197.000000 0.000666
1198.000000 0.000576
1199.000000 0.000484
1200.000000 0.000390
1201.000000 0.000295
1202.000000 0.000199
1203.000000 0.000102
1204.000000 0.000005
1205.000000 -0.000092
1206.000000 -0.000188
1207.000000 -0.000283
1208.000000 -0.000378
1209.000000 -0.000470
1210.000000 -0.000560
1211.000000 -0.000648
1212.000000 -0.000733
1213.000000 -0.000815
1214.000000 -0.000894
1215.000000 -0.000969
1216.000000 -0.001040
1217.000000 -0.001107
1218.000000 -0.001169
1219.000000 -0.001226
1220.000000 -0.001279
1221.000000 -0.001326
1222.000000 -0.001368
1223.000000 -0.001404
1224.000000 -0.001435
1225.000000 -0.001459
1226.000000 -0.001478
1227.000000 -0.001491
1228.000000 -0.001499
1229.000000 -0.001500
1230.000000 -0.001495
1231.000000 -0.001484
1232.000000 -0.001467
1233.000000 -0.001445
1234.000000 -0.001417
1235.000000 -0.001383
1236.000000 -0.001343
1237.000000 -0.001299
1238.000000 -0.001249
1239.000000 -0.001195
1240.000000 -0.001135
1241.000000 -0.001072
1242.000000 -0.001004
1243.000000 -0.000932
1244.000000 -0.000857
1245.000000 -0.000779
1246.000000 -0.000697
1247.000000 -0.000613
1248.000000 -0.000527
1249.000000 -0.000438
1250.000000 -0.000349
1251.000000 -0.000257
1252.000000 -0.000165
1253.000000 -0.000073
1254.000000 0.000020
1255.000000 0.000112
1256.000000 0.000204
1257.000000 0.000295
1258.000000 0.000384
1259.000000 0.000472
1260.000000 0.000558
1261.000000 0.000641
1262.000000 0.000722
1263.000000 0.000799
1264.000000 0.000874
1265.000000 0.000944
1266.000000 0.001011
1267.000000 0.001074
1268.000000 0.001132
1269.000000 0.001186
1270.000000 0.001234
1271.000000 0.001278
1272.000000 0.001317
1273.000000 0.001350
1274.000000 0.001378
1275.000000 0.001401
1276.000000 0.001417
1277.000000 0.001428
1278.000000 0.001434
1279.000000 0.001433
1280.000000 0.001427
1281.000000 0.001416
1282.000000 0.001398
1283.000000 0.001375
1284.000000 0.001347
1285.000000 0.001313
1286.000000 0.001275
1287.000000 0.001231
1288.000000 0.001182
1289.000000 0.001129
1290.000000 0.001071
1291.000000 0.001009
1292.000000 0.000944
1293.000000 0.000874
1294.000000 0.000801
1295.000000 0.000726
1296.000000 0.000647
1297.000000 0.000566
1298.000000 0.000483
1299.000000 0.000398
1300.000000 0.000312
1301.000000 0.000224
1302.000000 0.000136
1303.000000 0.000047
1304.000000 -0.000041
1305.000000 -0.000129
1306.000000 -0.000217
1307.000000 -0.000304
1308.000000 -0.000389
1309.000000 -0.000473
1310.000000 -0.000554
1311.000000 -0.000633
1312.000000 -0.000710
1313.000000 -0.000783
1314.000000 -0.000854
1315.000000 -0.000921
1316.000000 -0.000984
1317.000000 -0.001043
1318.000000 -0.001097
1319.000000 -0.001148
1320.000000 -0.001193
1321.000000 -0.001234
1322.000000 -0.001270
1323.000000 -0.001301
1324.000000 -0.001326
1325.000000 -0.001346
1326.000000 -0.001361
1327.000000 -0.001370
1328.000000 -0.001374
1329.000000 -0.001373
1330.000000 -0.001365
1331.000000 -0.001353
1332.000000 -0.001335
1333.000000 -0.001312
1334.000000 -0.001284
1335.000000 -0.001250
1336.000000 -0.001212
1337.000000 -0.001169
1338.000000 -0.001121
1339.000000 -0.001069
1340.000000 -0.001013
1341.000000 -0.000953
1342.000000 -0.000889
1343.000000 -0.000822
1344.000000 -0.000751
1345.000000 -0.000678
1346.000000 -0.000602
1347.000000 -0.000524
1348.000000 -0.000444
1349.000000 -0.000362
1350.000000 -0.000279
1351.000000 -0.000195
1352.000000 -0.000110
1353.000000 -0.000025
1354.000000 0.000060
1355.000000 0.000144
1356.000000 0.000228
1357.000000 0.000311
1358.000000 0.000392
1359.000000 0.000472
1360.000000 0.000550
1361.000000 0.000625
1362.000000 0.000698
1363.000000 0.000768
1364.000000 0.000835
1365.000000 0.000898
1366.000000 0.000957
1367.000000 0.001013
1368.000000 0.001065
1369.000000 0.001112
1370.000000 0.001155
1371.000000 0.001193
1372.000000 0.001226
1373.000000 0.001254
1374.000000 0.001278
1375.000000 0.001296
1376.000000 0.001309
1377.000000 0.001317
1378.000000 0.001319
1379.000000 0.001317
1380.000000 0.001309
1381.000000 0.001295
1382.000000 0.001277
1383.000000 0.001254
1384.000000 0.001225
1385.000000 0.001192
1386.000000 0.001154
1387.000000 0.001112
1388.000000 0.001065
1389.000000 0.001014
1390.000000 0.000960
1391.000000 0.000901
1392.000000 0.000839
1393.000000 0.000774
1394.000000 0.000705
1395.000000 0.000634
1396.000000 0.000561
1397.000000 0.000486
1398.000000 0.000408
1399.000000 0.000329
1400.000000 0.000249
1401.000000 0.000169
1402.000000 0.000087
1403.000000 0.000005
1404.000000 -0.000076
1405.000000 -0.000157
1406.000000 -0.000237
1407.000000 -0.000317
1408.000000 -0.000395
1409.000000 -0.000471
1410.000000 -0.000545
1411.000000 -0.000617
1412.000000 -0.000686
1413.000000 -0.000753
1414.000000 -0.000816
1415.000000 -0.000876
1416.000000 -0.000933
1417.000000 -0.000985
1418.000000 -0.001034
1419.000000 -0.001079
1420.000000 -0.001119
1421.000000 -0.001154
1422.000000 -0.001185
1423.000000 -0.001212
1424.000000 -0.001233
1425.000000 -0.001249
1426.000000 -0.001261
1427.000000 -0.001267
1428.000000 -0.001268
1429.000000 -0.001265
1430.000000 -0.001256
1431.000000 -0.001242
1432.000000 -0.001224
1433.000000 -0.001200
1434.000000 -0.001172
1435.000000 -0.001139
1436.000000 -0.001102
1437.000000 -0.001060
1438.000000 -0.001014
1439.000000 -0.000964
1440.000000 -0.000911
1441.000000 -0.000854
1442.000000 -0.000793
1443.000000 -0.000730
1444.000000 -0.000664
1445.000000 -0.000595
1446.000000 -0.000524
1447.000000 -0.000451
1448.000000 -0.000376
1449.000000 -0.000300
1450.000000 -0.000223
1451.000000 -0.000145
1452.000000 -0.000067
1453.000000 0.000012
1454.000000 0.000090
1455.000000 0.000168
1456.000000 0.000245
1457.000000 0.000321
1458.000000 0.000396
1459.000000 0.000469
1460.000000 0.000540
1461.000000 0.000609
1462.000000 0.000675
1463.000000 0.000738
1464.000000 0.000799
1465.000000 0.000856
1466.000000 0.000909
1467.000000 0.000959
1468.000000 0.001005
1469.000000 0.001047
1470.000000 0.001085
1471.000000 0.001118
1472.000000 0.001147
1473.000000 0.001171
1474.000000 0.001191
1475.000000 0.001206
1476.000000 0.001216
1477.000000 0.001221
1478.000000 0.001221
1479.000000 0.001217
1480.000000 0.001207
1481.000000 0.001193
1482.000000 0.001174
1483.000000 0.001151
1484.000000 0.001122
1485.000000 0.001090
1486.000000 0.001053
1487.000000 0.001012
1488.000000 0.000967
1489.000000 0.000919
1490.000000 0.000866
1491.000000 0.000811
1492.000000 0.000752
1493.000000 0.000690
1494.000000 0.000626
1495.000000 0.000559
1496.000000 0.000490
1497.000000 0.000419
1498.000000 0.000347
1499.000000 0.000274
1500.000000 0.000199
1501.000000 0.000124
1502.000000 0.000048
1503.000000 -0.000027
1504.000000 -0.000103
1505.000000 -0.000178
1506.000000 -0.000252
1507.000000 -0.000325
1508.000000 -0.000396
1509.000000 -0.000466
1510.000000 -0.000534
1511.000000 -0.000600
1512.000000 -0.000663
1513.000000 -0.000724
1514.000000 -0.000782
1515.000000 -0.000836
1516.000000 -0.000887
1517.000000 -0.000934
1518.000000 -0.000978
1519.000000 -0.001018
1520.000000 -0.001053
1521.000000 -0.001084
1522.000000 -0.001111
1523.000000 -0.001134
1524.000000 -0.001152
1525.000000 -0.001165
1526.000000 -0.001174
1527.000000 -0.001178
1528.000000 -0.001177
1529.000000 -0.001172
1530.000000 -0.001162
1531.000000 -0.001147
1532.000000 -0.001128
1533.000000 -0.001105
1534.000000 -0.001077
1535.000000 -0.001044
1536.000000 -0.001008
1537.000000 -0.000968
1538.000000 -0.000924
1539.000000 -0.000876
1540.000000 -0.000825
1541.000000 -0.000771
1542.000000 -0.000714
1543.000000 -0.000653
1544.000000 -0.000591
1545.000000 -0.000526
1546.000000 -0.000459
1547.000000 -0.000391
1548.000000 -0.000321
1549.000000 -0.000250
1550.000000 -0.000178
1551.000000 -0.000105
1552.000000 -0.000032
1553.000000 0.000041
1554.000000 0.000114
1555.000000 0.000186
1556.000000 0.000257
1557.000000 0.000328
1558.000000 0.000396
1559.000000 0.000463
1560.000000 0.000529
1561.000000 0.000592
1562.000000 0.000652
1563.000000 0.000710
1564.000000 0.000765
1565.000000 0.000817
1566.000000 0.000866
1567.000000 0.000911
1568.000000 0.000952
1569.000000 0.000990
1570.000000 0.001023
1571.000000 0.001053
1572.000000 0.001078
1573.000000 0.001099
1574.000000 0.001115
1575.000000 0.001127
1576.000000 0.001135
1577.000000 0.001138
1578.000000 0.001136
1579.000000 0.001130
1580.000000 0.001120
1581.000000 0.001105
1582.000000 0.001086
1583.000000 0.001062
1584.000000 0.001034
1585.000000 0.001002
1586.000000 0.000966
1587.000000 0.000927
1588.000000 0.000884
1589.000000 0.000837
1590.000000 0.000787
1591.000000 0.000734
1592.000000 0.000678
1593.000000 0.000620
1594.000000 0.000559
1595.000000 0.000496
1596.000000 0.000431
1597.000000 0.000365
1598.000000 0.000297
1599.000000 0.000228
1600.000000 0.000158
1601.000000 0.000088
1602.000000 0.000017
1603.000000 -0.000053
1604.000000 -0.000123
1605.000000 -0.000193
1606.000000 -0.000262
1607.000000 -0.000329
1608.000000 -0.000396
1609.000000 -0.000460
1610.000000 -0.000523
1611.000000 -0.000583
1612.000000 -0.000641
1613.000000 -0.000697
1614.000000 -0.000750
1615.000000 -0.000799
1616.000000 -0.000845
1617.000000 -0.000888
1618.000000 -0.000928
1619.000000 -0.000963
1620.000000 -0.000995
1621.000000 -0.001023
1622.000000 -0.001046
1623.000000 -0.001066
1624.000000 -0.001081
1625.000000 -0.001092
1626.000000 -0.001098
1627.000000 -0.001100
1628.000000 -0.001098
1629.000000 -0.001091
1630.000000 -0.001080
1631.000000 -0.001065
1632.000000 -0.001046
1633.000000 -0.001022
1634.000000 -0.000995
1635.000000 -0.000963
1636.000000 -0.000928
1637.000000 -0.000889
1638.000000 -0.000846
1639.000000 -0.000801
1640.000000 -0.000752
1641.000000 -0.000700
1642.000000 -0.000646
1643.000000 -0.000589
1644.000000 -0.000529
1645.000000 -0.000468
1646.000000 -0.000405
1647.000000 -0.000341
1648.000000 -0.000275
1649.000000 -0.000208
1650.000000 -0.000140
1651.000000 -0.000072
1652.000000 -0.000004
1653.000000 0.000064
1654.000000 0.000132
1655.000000 0.000199
1656.000000 0.000266
1657.000000 0.000331
1658.000000 0.000395
1659.000000 0.000457
1660.000000 0.000517
1661.000000 0.000575
1662.000000 0.000631
1663.000000 0.000684
1664.000000 0.000734
1665.000000 0.000782
1666.000000 0.000826
1667.000000 0.000867
1668.000000 0.000904
1669.000000 0.000938
1670.000000 0.000968
1671.000000 0.000994
1672.000000 0.001016
1673.000000 0.001034
1674.000000 0.001048
1675.000000 0.001058
1676.000000 0.001064
1677.000000 0.001065
1678.000000 0.001062
1679.000000 0.001055
1680.000000 0.001044
1681.000000 0.001028
1682.000000 0.001009
1683.000000 0.000985
1684.000000 0.000958
1685.000000 0.000926
1686.000000 0.000892
1687.000000 0.000853
1688.000000 0.000812
1689.000000 0.000767
1690.000000 0.000719
1691.000000 0.000669
1692.000000 0.000615
1693.000000 0.000560
1694.000000 0.000502
1695.000000 0.000442
1696.000000 0.000381
1697.000000 0.000318
1698.000000 0.000254
1699.000000 0.000190
1700.000000 0.000124
1701.000000 0.000058
1702.000000 -0.000008
1703.000000 -0.000074
1704.000000 -0.000140
1705.000000 -0.000205
1706.000000 -0.000269
1707.000000 -0.000332
1708.000000 -0.000393
1709.000000 -0.000453
1710.000000 -0.000511
1711.000000 -0.000567
1712.000000 -0.000621
1713.000000 -0.000672
1714.000000 -0.000720
1715.000000 -0.000765
1716.000000 -0.000808
1717.000000 -0.000847
1718.000000 -0.000882
1719.000000 -0.000914
1720.000000 -0.000943
1721.000000 -0.000967
1722.000000 -0.000988
1723.000000 -0.001005
1724.000000 -0.001018
1725.000000 -0.001027
1726.000000 -0.001031
1727.000000 -0.001032
1728.000000 -0.001028
1729.000000 -0.001021
1730.000000 -0.001009
1731.000000 -0.000993
1732.000000 -0.000974
1733.000000 -0.000950
1734.000000 -0.000923
1735.000000 -0.000892
1736.000000 -0.000858
1737.000000 -0.000820
1738.000000 -0.000779
1739.000000 -0.000735
1740.000000 -0.000689
1741.000000 -0.000639
1742.000000 -0.000587
1743.000000 -0.000533
1744.000000 -0.000477
1745.000000 -0.000419
1746.000000 -0.000359
1747.000000 -0.000298
1748.000000 -0.000236
1749.000000 -0.000173
1750.000000 -0.000109
1751.000000 -0.000045
1752.000000 0.000019
1753.000000 0.000083
1754.000000 0.000146
1755.000000 0.000209
1756.000000 0.000271
1757.000000 0.000332
1758.000000 0.000391
1759.000000 0.000449
1760.000000 0.000505
1761.000000 0.000559
1762.000000 0.000610
1763.000000 0.000660
1764.000000 0.000706
1765.000000 0.000749
1766.000000 0.000790
1767.000000 0.000827
1768.000000 0.000861
1769.000000 0.000892
1770.000000 0.000919
1771.000000 0.000942
1772.000000 0.000962
1773.000000 0.000977
1774.000000 0.000989
1775.000000 0.000997
1776.000000 0.001001
1777.000000 0.001001
1778.000000 0.000996
1779.000000 0.000988
1780.000000 0.000976
1781.000000 0.000961
1782.000000 0.000941
1783.000000 0.000918
1784.000000 0.000891
1785.000000 0.000860
1786.000000 0.000826
1787.000000 0.000789
1788.000000 0.000749
1789.000000 0.000706
1790.000000 0.000660
1791.000000 0.000612
1792.000000 0.000561
1793.000000 0.000508
1794.000000 0.000453
1795.000000 0.000397
1796.000000 0.000338
1797.000000 0.000279
1798.000000 0.000219
1799.000000 0.000157
1800.000000 0.000095
1801.000000 0.000033
1802.000000 -0.000029
1803.000000 -0.000091
1804.000000 -0.000152
1805.000000 -0.000213
1806.000000 -0.000273
1807.000000 -0.000332
1808.000000 -0.000389
1809.000000 -0.000445
1810.000000 -0.000499
1811.000000 -0.000551
1812.000000 -0.000601
1813.000000 -0.000648
1814.000000 -0.000693
1815.000000 -0.000734
1816.000000 -0.000773
1817.000000 -0.000809
1818.000000 -0.000841
1819.000000 -0.000870
1820.000000 -0.000896
1821.000000 -0.000918
1822.000000 -0.000936
1823.000000 -0.000951
1824.000000 -0.000962
1825.000000 -0.000969
1826.000000 -0.000972
1827.000000 -0.000971
1828.000000 -0.000966
1829.000000 -0.000958
1830.000000 -0.000946
1831.000000 -0.000930
1832.000000 -0.000910
1833.000000 -0.000887
1834.000000 -0.000860
1835.000000 -0.000830
1836.000000 -0.000797
1837.000000 -0.000760
1838.000000 -0.000721
1839.000000 -0.000679
1840.000000 -0.000634
1841.000000 -0.000586
1842.000000 -0.000537
1843.000000 -0.000485
1844.000000 -0.000431
1845.000000 -0.000376
1846.000000 -0.000319
1847.000000 -0.000261
1848.000000 -0.000203
1849.000000 -0.000143
1850.000000 -0.000083
1851.000000 -0.000023
1852.000000 0.000038
1853.000000 0.000098
1854.000000 0.000158
1855.000000 0.000217
1856.000000 0.000275
1857.000000 0.000332
1858.000000 0.000387
1859.000000 0.000441
1860.000000 0.000493
1861.000000 0.000543
1862.000000 0.000591
1863.000000 0.000637
1864.000000 0.000680
1865.000000 0.000720
1866.000000 0.000757
1867.000000 0.000791
1868.000000 0.000822
1869.000000 0.000850
1870.000000 0.000874
1871.000000 0.000895
1872.000000 0.000912
1873.000000 0.000926
1874.000000 0.000936
1875.000000 0.000942
1876.000000 0.000945
1877.000000 0.000943
1878.000000 0.000938
1879.000000 0.000929
1880.000000 0.000917
1881.000000 0.000901
1882.000000 0.000881
1883.000000 0.000858
1884.000000 0.000832
1885.000000 0.000802
1886.000000 0.000769
1887.000000 0.000733
1888.000000 0.000694
1889.000000 0.000653
1890.000000 0.000609
1891.000000 0.000562
1892.000000 0.000514
1893.000000 0.000463
1894.000000 0.000411
1895.000000 0.000357
1896.000000 0.000302
1897.000000 0.000245
1898.000000 0.000188
1899.000000 0.000130
1900.000000 0.000071
1901.000000 0.000013
1902.000000 -0.000046
1903.000000 -0.000104
1904.000000 -0.000162
1905.000000 -0.000220
1906.000000 -0.000276
1907.000000 -0.000331
1908.000000 -0.000385
1909.000000 -0.000437
1910.000000 -0.000487
1911.000000 -0.000536
1912.000000 -0.000582
1913.000000 -0.000626
1914.000000 -0.000667
1915.000000 -0.000706
1916.000000 -0.000742
1917.000000 -0.000774
1918.000000 -0.000804
1919.000000 -0.000831
1920.000000 -0.000854
1921.000000 -0.000873
1922.000000 -0.000890
1923.000000 -0.000902
1924.000000 -0.000911
1925.000000 -0.000917
1926.000000 -0.000919
1927.000000 -0.000917
1928.000000 -0.000911
1929.000000 -0.000902
1930.000000 -0.000890
1931.000000 -0.000874
1932.000000 -0.000854
1933.000000 -0.000831
1934.000000 -0.000805
1935.000000 -0.000775
1936.000000 -0.000743
1937.000000 -0.000707
1938.000000 -0.000669
1939.000000 -0.000629
1940.000000 -0.000585
1941.000000 -0.000540
1942.000000 -0.000492
1943.000000 -0.000443
1944.000000 -0.000392
1945.000000 -0.000339
1946.000000 -0.000285
1947.000000 -0.000230
1948.000000 -0.000174
1949.000000 -0.000118
1950.000000 -0.000061
1951.000000 -0.000004
1952.000000 0.000054
1953.000000 0.000110
1954.000000 0.000167
1955.000000 0.000222
1956.000000 0.000277
1957.000000 0.000330
1958.000000 0.000382
1959.000000 0.000433
1960.000000 0.000482
1961.000000 0.000528
1962.000000 0.000573
1963.000000 0.000615
1964.000000 0.000655
1965.000000 0.000692
1966.000000 0.000727
1967.000000 0.000758
1968.000000 0.000787
1969.000000 0.000812
1970.000000 0.000834
1971.000000 0.000853
1972.000000 0.000868
1973.000000 0.000880
1974.000000 0.000888
1975.000000 0.000893
1976.000000 0.000894
1977.000000 0.000892
1978.000000 0.000886
1979.000000 0.000877
1980.000000 0.000864
1981.000000 0.000848
1982.000000 0.000828
1983.000000 0.000805
1984.000000 0.000779
1985.000000 0.000750
1986.000000 0.000718
1987.000000 0.000683
1988.000000 0.000646
1989.000000 0.000606
1990.000000 0.000563
1991.000000 0.000519
1992.000000 0.000472
1993.000000 0.000424
1994.000000 0.000374
1995.000000 0.000322
1996.000000 0.000270
1997.000000 0.000216
1998.000000 0.000161
1999.000000 0.000106
2000.000000 0.000051
2001.000000 -0.000005
2002.000000 -0.000060
2003.000000 -0.000116
2004.000000 -0.000170
2005.000000 -0.000224
2006.000000 -0.000277
2007.000000 -0.000329
2008.000000 -0.000380
2009.000000 -0.000429
2010.000000 -0.000476
2011.000000 -0.000521
2012.000000 -0.000564
2013.000000 -0.000605
2014.000000 -0.000644
2015.000000 -0.000679
2016.000000 -0.000713
2017.000000 -0.000743
2018.000000 -0.000770
2019.000000 -0.000794
2020.000000 -0.000815
2021.000000 -0.000833
2022.000000 -0.000847
2023.000000 -0.000858
2024.000000 -0.000866
2025.000000 -0.000870
2026.000000 -0.000871
2027.000000 -0.000868
2028.000000 -0.000862
2029.000000 -0.000852
2030.000000 -0.000839
2031.000000 -0.000823
2032.000000 -0.000804
2033.000000 -0.000781
2034.000000 -0.000755
2035.000000 -0.000726
2036.000000 -0.000695
2037.000000 -0.000661
2038.000000 -0.000624
2039.000000 -0.000584
2040.000000 -0.000543
2041.000000 -0.000499
2042.000000 -0.000453
2043.000000 -0.000406
2044.000000 -0.000357
2045.000000 -0.000307
2046.000000 -0.000255
2047.000000 -0.000203
2048.000000 -0.000149
2049.000000 -0.000096
2050.000000 -0.000042
2051.000000 0.000013
2052.000000 0.000067
2053.000000 0.000120
2054.000000 0.000174
2055.000000 0.000226
2056.000000 0.000278
2057.000000 0.000328
2058.000000 0.000377
2059.000000 0.000425
2060.000000 0.000470
2061.000000 0.000514
2062.000000 0.000556
2063.000000 0.000595
2064.000000 0.000632
2065.000000 0.000667
2066.000000 0.000699
2067.000000 0.000728
2068.000000 0.000754
2069.000000 0.000777
2070.000000 0.000797
2071.000000 0.000814
2072.000000 0.000828
2073.000000 0.000838
2074.000000 0.000845
2075.000000 0.000849
2076.000000 0.000849
2077.000000 0.000846
2078.000000 0.000839
2079.000000 0.000829
2080.000000 0.000816
2081.000000 0.000800
2082.000000 0.000780
2083.000000 0.000758
2084.000000 0.000732
2085.000000 0.000704
2086.000000 0.000673
2087.000000 0.000639
2088.000000 0.000603
2089.000000 0.000564
2090.000000 0.000523
2091.000000 0.000480
2092.000000 0.000435
2093.000000 0.000389
2094.000000 0.000341
2095.000000 0.000292
2096.000000 0.000241
2097.000000 0.000190
2098.000000 0.000138
2099.000000 0.000086
2100.000000 0.000033
2101.000000 -0.000020
2102.000000 -0.000072
2103.000000 -0.000125
2104.000000 -0.000177
2105.000000 -0.000228
2106.000000 -0.000278
2107.000000 -0.000327
2108.000000 -0.000374
2109.000000 -0.000420
2110.000000 -0.000465
2111.000000 -0.000507
2112.000000 -0.000548
2113.000000 -0.000586
2114.000000 -0.000622
2115.000000 -0.000655
2116.000000 -0.000686
2117.000000 -0.000714
2118.000000 -0.000739
2119.000000 -0.000761
2120.000000 -0.000780
2121.000000 -0.000796
2122.000000 -0.000809
2123.000000 -0.000818
2124.000000 -0.000825
2125.000000 -0.000828
2126.000000 -0.000828
2127.000000 -0.000824
2128.000000 -0.000817
2129.000000 -0.000807
2130.000000 -0.000794
2131.000000 -0.000778
2132.000000 -0.000758
2133.000000 -0.000736
2134.000000 -0.000711
2135.000000 -0.000683
2136.000000 -0.000652
2137.000000 -0.000619
2138.000000 -0.000583
2139.000000 -0.000545
2140.000000 -0.000505
2141.000000 -0.000463
2142.000000 -0.000419
2143.000000 -0.000373
2144.000000 -0.000326
2145.000000 -0.000278
2146.000000 -0.000229
2147.000000 -0.000179
2148.000000 -0.000128
2149.000000 -0.000077
2150.000000 -0.000025
2151.000000 0.000026
2152.000000 0.000078
2153.000000 0.000129
2154.000000 0.000179
2155.000000 0.000229
2156.000000 0.000278
2157.000000 0.000325
2158.000000 0.000372
2159.000000 0.000416
2160.000000 0.000459
2161.000000 0.000501
2162.000000 0.000540
2163.000000 0.000577
2164.000000 0.000611
2165.000000 0.000644
2166.000000 0.000673
2167.000000 0.000700
2168.000000 0.000724
2169.000000 0.000745
2170.000000 0.000764
2171.000000 0.000779
2172.000000 0.000791
2173.000000 0.000800
2174.000000 0.000806
2175.000000 0.000808
2176.000000 0.000807
2177.000000 0.000804
2178.000000 0.000797
2179.000000 0.000786
2180.000000 0.000773
2181.000000 0.000757
2182.000000 0.000737
2183.000000 0.000715
2184.000000 0.000690
2185.000000 0.000662
2186.000000 0.000632
2187.000000 0.000599
2188.000000 0.000564
2189.000000 0.000527
2190.000000 0.000487
2191.000000 0.000446
2192.000000 0.000403
2193.000000 0.000358
2194.000000 0.000312
2195.000000 0.000265
2196.000000 0.000217
2197.000000 0.000168
2198.000000 0.000118
2199.000000 0.000068
2200.000000 0.000018
2201.000000 -0.000033
2202.000000 -0.000083
2203.000000 -0.000132
2204.000000 -0.000182
2205.000000 -0.000230
2206.000000 -0.000278
2207.000000 -0.000324
2208.000000 -0.000369
2209.000000 -0.000412
2210.000000 -0.000454
2211.000000 -0.000494
2212.000000 -0.000532
2213.000000 -0.000568
2214.000000 -0.000601
2215.000000 -0.000632
2216.000000 -0.000661
2217.000000 -0.000687
2218.000000 -0.000710
2219.000000 -0.000730
2220.000000 -0.000748
2221.000000 -0.000762
2222.000000 -0.000774
2223.000000 -0.000782
2224.000000 -0.000787
2225.000000 -0.000789
2226.000000 -0.000788
2227.000000 -0.000784
2228.000000 -0.000777
2229.000000 -0.000766
2230.000000 -0.000753
2231.000000 -0.000737
2232.000000 -0.000717
2233.000000 -0.000695
2234.000000 -0.000671
2235.000000 -0.000643
2236.000000 -0.000613
2237.000000 -0.000581
2238.000000 -0.000546
2239.000000 -0.000509
2240.000000 -0.000471
2241.000000 -0.000430
2242.000000 -0.000388
2243.000000 -0.000344
2244.000000 -0.000299
2245.000000 -0.000253
2246.000000 -0.000205
2247.000000 -0.000157
2248.000000 -0.000109
2249.000000 -0.000060
2250.000000 -0.000011
2251.000000 0.000038
2252.000000 0.000087
2253.000000 0.000136
2254.000000 0.000184
2255.000000 0.000231
2256.000000 0.000277
2257.000000 0.000322
2258.000000 0.000366
2259.000000 0.000408
2260.000000 0.000449
2261.000000 0.000488
2262.000000 0.000524
2263.000000 0.000559
2264.000000 0.000592
2265.000000 0.000622
2266.000000 0.000649
2267.000000 0.000674
2268.000000 0.000697
2269.000000 0.000716
2270.000000 0.000733
2271.000000 0.000746
2272.000000 0.000757
2273.000000 0.000765
2274.000000 0.000770
2275.000000 0.000771
2276.000000 0.000770
2277.000000 0.000765
2278.000000 0.000758
2279.000000 0.000747
2280.000000 0.000734
2281.000000 0.000718
2282.000000 0.000698
2283.000000 0.000677
2284.000000 0.000652
2285.000000 0.000625
2286.000000 0.000595
2287.000000 0.000563
2288.000000 0.000529
2289.000000 0.000493
2290.000000 0.000455
2291.000000 0.000415
2292.000000 0.000373
2293.000000 0.000330
2294.000000 0.000286
2295.000000 0.000241
2296.000000 0.000195
2297.000000 0.000148
2298.000000 0.000100
2299.000000 0.000052
2300.000000 0.000004
2301.000000 -0.000044
2302.000000 -0.000091
2303.000000 -0.000139
2304.000000 -0.000186
2305.000000 -0.000232
2306.000000 -0.000277
2307.000000 -0.000321
2308.000000 -0.000363
2309.000000 -0.000404
2310.000000 -0.000444
2311.000000 -0.000481
2312.000000 -0.000517
2313.000000 -0.000551
2314.000000 -0.000582
2315.000000 -0.000611
2316.000000 -0.000638
2317.000000 -0.000662
2318.000000 -0.000684
2319.000000 -0.000702
2320.000000 -0.000718
2321.000000 -0.000731
2322.000000 -0.000741
2323.000000 -0.000749
2324.000000 -0.000753
2325.000000 -0.000754
2326.000000 -0.000752
2327.000000 -0.000748
2328.000000 -0.000740
2329.000000 -0.000729
2330.000000 -0.000716
2331.000000 -0.000699
2332.000000 -0.000680
2333.000000 -0.000659
2334.000000 -0.000634
2335.000000 -0.000607
2336.000000 -0.000578
2337.000000 -0.000547
2338.000000 -0.000513
2339.000000 -0.000477
2340.000000 -0.000440
2341.000000 -0.000401
2342.000000 -0.000360
2343.000000 -0.000318
2344.000000 -0.000274
2345.000000 -0.000230
2346.000000 -0.000185
2347.000000 -0.000139
2348.000000 -0.000092
2349.000000 -0.000045
2350.000000 0.000002
2351.000000 0.000049
2352.000000 0.000095
2353.000000 0.000142
2354.000000 0.000187
2355.000000 0.000232
2356.000000 0.000276
2357.000000 0.000319
2358.000000 0.000360
2359.000000 0.000400
2360.000000 0.000439
2361.000000 0.000475
2362.000000 0.000510
2363.000000 0.000543
2364.000000 0.000573
2365.000000 0.000601
2366.000000 0.000627
2367.000000 0.000650
2368.000000 0.000671
2369.000000 0.000689
2370.000000 0.000704
2371.000000 0.000717
2372.000000 0.000726
2373.000000 0.000733
2374.000000 0.000737
2375.000000 0.000738
2376.000000 0.000735
2377.000000 0.000730
2378.000000 0.000723
2379.000000 0.000712
2380.000000 0.000698
2381.000000 0.000682
2382.000000 0.000663
2383.000000 0.000641
2384.000000 0.000617
2385.000000 0.000591
2386.000000 0.000562
2387.000000 0.000531
2388.000000 0.000498
2389.000000 0.000462
2390.000000 0.000426
2391.000000 0.000387
2392.000000 0.000347
2393.000000 0.000306
2394.000000 0.000263
2395.000000 0.000219
2396.000000 0.000175
2397.000000 0.000130
2398.000000 0.000084
2399.000000 0.000039
2400.000000 -0.000007
2401.000000 -0.000053
2402.000000 -0.000099
2403.000000 -0.000144
2404.000000 -0.000189
2405.000000 -0.000233
2406.000000 -0.000275
2407.000000 -0.000317
2408.000000 -0.000358
2409.000000 -0.000396
2410.000000 -0.000434
2411.000000 -0.000469
2412.000000 -0.000503
2413.000000 -0.000535
2414.000000 -0.000564
2415.000000 -0.000592
2416.000000 -0.000617
2417.000000 -0.000639
2418.000000 -0.000659
2419.000000 -0.000676
2420.000000 -0.000691
2421.000000 -0.000703
2422.000000 -0.000712
2423.000000 -0.000718
2424.000000 -0.000721
2425.000000 -0.000722
2426.000000 -0.000719
2427.000000 -0.000714
2428.000000 -0.000706
2429.000000 -0.000695
2430.000000 -0.000682
2431.000000 -0.000665
2432.000000 -0.000646
2433.000000 -0.000625
2434.000000 -0.000601
2435.000000 -0.000575
2436.000000 -0.000546
2437.000000 -0.000516
2438.000000 -0.000483
2439.000000 -0.000448
2440.000000 -0.000412
2441.000000 -0.000374
2442.000000 -0.000335
2443.000000 -0.000294
2444.000000 -0.000252
2445.000000 -0.000209
2446.000000 -0.000166
2447.000000 -0.000122
2448.000000 -0.000077
2449.000000 -0.000032
2450.000000 0.000013
2451.000000 0.000058
2452.000000 0.000102
2453.000000 0.000146
2454.000000 0.000190
2455.000000 0.000233
2456.000000 0.000275
2457.000000 0.000315
2458.000000 0.000355
2459.000000 0.000393
2460.000000 0.000429
2461.000000 0.000464
2462.000000 0.000496
2463.000000 0.000527
2464.000000 0.000556
2465.000000 0.000582
2466.000000 0.000607
2467.000000 0.000628
2468.000000 0.000647
2469.000000 0.000664
2470.000000 0.000678
2471.000000 0.000689
2472.000000 0.000698
2473.000000 0.000703
2474.000000 0.000706
2475.000000 0.000707
2476.000000 0.000704
2477.000000 0.000698
2478.000000 0.000690
2479.000000 0.000679
2480.000000 0.000666
2481.000000 0.000649
2482.000000 0.000631
2483.000000 0.000609
2484.000000 0.000586
2485.000000 0.000560
2486.000000 0.000531
2487.000000 0.000501
2488.000000 0.000469
2489.000000 0.000435
2490.000000 0.000399
2491.000000 0.000362
2492.000000 0.000323
2493.000000 0.000283
2494.000000 0.000242
2495.000000 0.000200
2496.000000 0.000157
2497.000000 0.000114
2498.000000 0.000070
2499.000000 0.000026
2500.000000 -0.000018
2501.000000 -0.000062
2502.000000 -0.000105
2503.000000 -0.000149
2504.000000 -0.000191
2505.000000 -0.000233
2506.000000 -0.000274
2507.000000 -0.000313
2508.000000 -0.000352
2509.000000 -0.000389
2510.000000 -0.000424
2511.000000 -0.000458
2512.000000 -0.000490
2513.000000 -0.000520
2514.000000 -0.000548
2515.000000 -0.000573
2516.000000 -0.000597
2517.000000 -0.000618
2518.000000 -0.000636
2519.000000 -0.000652
2520.000000 -0.000665
2521.000000 -0.000676
2522.000000 -0.000684
2523.000000 -0.000690
2524.000000 -0.000692
2525.000000 -0.000692
2526.000000 -0.000689
2527.000000 -0.000683
2528.000000 -0.000675
2529.000000 -0.000664
2530.000000 -0.000650
2531.000000 -0.000634
2532.000000 -0.000615
2533.000000 -0.000594
2534.000000 -0.000571
2535.000000 -0.000545
2536.000000 -0.000517
2537.000000 -0.000487
2538.000000 -0.000456
2539.000000 -0.000422
2540.000000 -0.000387
2541.000000 -0.000350
2542.000000 -0.000312
2543.000000 -0.000273
2544.000000 -0.000232
2545.000000 -0.000191
2546.000000 -0.000149
2547.000000 -0.000107
2548.000000 -0.000064
2549.000000 -0.000021
2550.000000 0.000022
2551.000000 0.000065
2552.000000 0.000108
2553.000000 0.000150
2554.000000 0.000192
2555.000000 0.000233
2556.000000 0.000273
2557.000000 0.000312
2558.000000 0.000349
2559.000000 0.000385
2560.000000 0.000420
2561.000000 0.000453
2562.000000 0.000484
2563.000000 0.000513
2564.000000 0.000540
2565.000000 0.000565
2566.000000 0.000587
2567.000000 0.000608
2568.000000 0.000625
2569.000000 0.000641
2570.000000 0.000653
2571.000000 0.000664
2572.000000 0.000671
2573.000000 0.000676
2574.000000 0.000678
2575.000000 0.000678
2576.000000 0.000675
2577.000000 0.000669
2578.000000 0.000660
2579.000000 0.000649
2580.000000 0.000636
2581.000000 0.000619
2582.000000 0.000601
2583.000000 0.000580
2584.000000 0.000557
2585.000000 0.000531
2586.000000 0.000504
2587.000000 0.000474
2588.000000 0.000443
2589.000000 0.000410
2590.000000 0.000375
2591.000000 0.000339
2592.000000 0.000301
2593.000000 0.000263
2594.000000 0.000223
2595.000000 0.000183
2596.000000 0.000141
2597.000000 0.000100
2598.000000 0.000058
2599.000000 0.000015
2600.000000 -0.000027
2601.000000 -0.000069
2602.000000 -0.000111
2603.000000 -0.000152
2604.000000 -0.000193
2605.000000 -0.000233
2606.000000 -0.000272
2607.000000 -0.000310
2608.000000 -0.000346
2609.000000 -0.000382
2610.000000 -0.000415
2611.000000 -0.000447
2612.000000 -0.000477
2613.000000 -0.000506
2614.000000 -0.000532
2615.000000 -0.000556
2616.000000 -0.000578
2617.000000 -0.000598
2618.000000 -0.000615
2619.000000 -0.000630
2620.000000 -0.000642
2621.000000 -0.000652
2622.000000 -0.000659
2623.000000 -0.000663
2624.000000 -0.000665
2625.000000 -0.000664
2626.000000 -0.000661
2627.000000 -0.000655
2628.000000 -0.000646
2629.000000 -0.000635
2630.000000 -0.000621
2631.000000 -0.000605
2632.000000 -0.000587
2633.000000 -0.000566
2634.000000 -0.000543
2635.000000 -0.000518
2636.000000 -0.000491
2637.000000 -0.000461
2638.000000 -0.000430
2639.000000 -0.000398
2640.000000 -0.000364
2641.000000 -0.000328
2642.000000 -0.000291
2643.000000 -0.000253
2644.000000 -0.000214
2645.000000 -0.000174
2646.000000 -0.000134
2647.000000 -0.000093
2648.000000 -0.000052
2649.000000 -0.000010
2650.000000 0.000031
2651.000000 0.000072
2652.000000 0.000113
2653.000000 0.000154
2654.000000 0.000194
2655.000000 0.000233
2656.000000 0.000271
2657.000000 0.000308
2658.000000 0.000344
2659.000000 0.000378
2660.000000 0.000411
2661.000000 0.000442
2662.000000 0.000472
2663.000000 0.000499
2664.000000 0.000525
2665.000000 0.000548
2666.000000 0.000569
2667.000000 0.000588
2668.000000 0.000605
2669.000000 0.000619
2670.000000 0.000631
2671.000000 0.000640
2672.000000 0.000647
2673.000000 0.000651
2674.000000 0.000652
2675.000000 0.000651
2676.000000 0.000648
2677.000000 0.000641
2678.000000 0.000633
2679.000000 0.000622
2680.000000 0.000608
2681.000000 0.000592
2682.000000 0.000573
2683.000000 0.000553
2684.000000 0.000530
2685.000000 0.000505
2686.000000 0.000478
2687.000000 0.000449
2688.000000 0.000419
2689.000000 0.000387
2690.000000 0.000353
2691.000000 0.000318
2692.000000 0.000282
2693.000000 0.000244
2694.000000 0.000206
2695.000000 0.000167
2696.000000 0.000127
2697.000000 0.000087
2698.000000 0.000046
2699.000000 0.000006
2700.000000 -0.000035
2701.000000 -0.000076
2702.000000 -0.000116
2703.000000 -0.000155
2704.000000 -0.000194
2705.000000 -0.000233
2706.000000 -0.000270
2707.000000 -0.000306
2708.000000 -0.000341
2709.000000 -0.000375
2710.000000 -0.000407
2711.000000 -0.000437
2712.000000 -0.000466
2713.000000 -0.000492
2714.000000 -0.000517
2715.000000 -0.000540
2716.000000 -0.000561
2717.000000 -0.000579
2718.000000 -0.000595
2719.000000 -0.000609
2720.000000 -0.000620
2721.000000 -0.000629
2722.000000 -0.000635
2723.000000 -0.000639
2724.000000 -0.000640
2725.000000 -0.000639
2726.000000 -0.000635
2727.000000 -0.000629
2728.000000 -0.000620
2729.000000 -0.000608
2730.000000 -0.000595
2731.000000 -0.000579
2732.000000 -0.000560
2733.000000 -0.000540
2734.000000 -0.000517
2735.000000 -0.000493
2736.000000 -0.000466
2737.000000 -0.000438
2738.000000 -0.000407
2739.000000 -0.000376
2740.000000 -0.000342
2741.000000 -0.000308
2742.000000 -0.000272
2743.000000 -0.000235
2744.000000 -0.000198
2745.000000 -0.000159
2746.000000 -0.000120
2747.000000 -0.000081
2748.000000 -0.000041
2749.000000 -0.000001
2750.000000 0.000039
2751.000000 0.000078
2752.000000 0.000118
2753.000000 0.000157
2754.000000 0.000195
2755.000000 0.000232
2756.000000 0.000269
2757.000000 0.000304
2758.000000 0.000338
2759.000000 0.000371
2760.000000 0.000402
2761.000000 0.000432
2762.000000 0.000460
2763.000000 0.000486
2764.000000 0.000510
2765.000000 0.000532
2766.000000 0.000552
2767.000000 0.000570
2768.000000 0.000586
2769.000000 0.000599
2770.000000 0.000610
2771.000000 0.000618
2772.000000 0.000624
2773.000000 0.000627
2774.000000 0.000628
2775.000000 0.000627
2776.000000 0.000623
2777.000000 0.000616
2778.000000 0.000607
2779.000000 0.000596
2780.000000 0.000582
2781.000000 0.000566
2782.000000 0.000548
2783.000000 0.000528
2784.000000 0.000505
2785.000000 0.000481
2786.000000 0.000454
2787.000000 0.000426
2788.000000 0.000397
2789.000000 0.000365
2790.000000 0.000333
2791.000000 0.000299
2792.000000 0.000263
2793.000000 0.000227
2794.000000 0.000190
2795.000000 0.000152
2796.000000 0.000114
2797.000000 0.000075
2798.000000 0.000036
2799.000000 -0.000003
2800.000000 -0.000042
2801.000000 -0.000081
2802.000000 -0.000120
2803.000000 -0.000158
2804.000000 -0.000195
2805.000000 -0.000232
2806.000000 -0.000268
2807.000000 -0.000302
2808.000000 -0.000336
2809.000000 -0.000368
2810.000000 -0.000398
2811.000000 -0.000427
2812.000000 -0.000454
2813.000000 -0.000480
2814.000000 -0.000503
2815.000000 -0.000525
2816.000000 -0.000544
2817.000000 -0.000561
2818.000000 -0.000576
2819.000000 -0.000589
2820.000000 -0.000599
2821.000000 -0.000607
2822.000000 -0.000613
2823.000000 -0.000616
2824.000000 -0.000617
2825.000000 -0.000615
2826.000000 -0.000611
2827.000000 -0.000604
2828.000000 -0.000595
2829.000000 -0.000584
2830.000000 -0.000570
2831.000000 -0.000554
2832.000000 -0.000536
2833.000000 -0.000516
2834.000000 -0.000494
2835.000000 -0.000469
2836.000000 -0.000443
2837.000000 -0.000416
2838.000000 -0.000386
2839.000000 -0.000355
2840.000000 -0.000323
2841.000000 -0.000289
2842.000000 -0.000255
2843.000000 -0.000219
2844.000000 -0.000183
2845.000000 -0.000145
2846.000000 -0.000108
2847.000000 -0.000070
2848.000000 -0.000031
2849.000000 0.000007
2850.000000 0.000046
2851.000000 0.000084
2852.000000 0.000122
2853.000000 0.000159
2854.000000 0.000196
2855.000000 0.000232
2856.000000 0.000267
2857.000000 0.000300
2858.000000 0.000333
2859.000000 0.000364
2860.000000 0.000394
2861.000000 0.000423
2862.000000 0.000449
2863.000000 0.000474
2864.000000 0.000497
2865.000000 0.000518
2866.000000 0.000536
2867.000000 0.000553
2868.000000 0.000568
2869.000000 0.000580
2870.000000 0.000590
2871.000000 0.000597
2872.000000 0.000602
2873.000000 0.000605
2874.000000 0.000606
2875.000000 0.000604
2876.000000 0.000599
2877.000000 0.000593
2878.000000 0.000583
2879.000000 0.000572
2880.000000 0.000558
2881.000000 0.000542
2882.000000 0.000524
2883.000000 0.000504
2884.000000 0.000482
2885.000000 0.000458
2886.000000 0.000433
2887.000000 0.000405
2888.000000 0.000376
2889.000000 0.000346
2890.000000 0.000314
2891.000000 0.000281
2892.000000 0.000247
2893.000000 0.000212
2894.000000 0.000176
2895.000000 0.000139
2896.000000 0.000102
2897.000000 0.000064
2898.000000 0.000027
2899.000000 -0.000011
2900.000000 -0.000049
2901.000000 -0.000086
2902.000000 -0.000124
2903.000000 -0.000160
2904.000000 -0.000196
2905.000000 -0.000231
2906.000000 -0.000265
2907.000000 -0.000299
2908.000000 -0.000331
2909.000000 -0.000361
2910.000000 -0.000390
2911.000000 -0.000418
2912.000000 -0.000444
2913.000000 -0.000468
2914.000000 -0.000490
2915.000000 -0.000511
2916.000000 -0.000529
2917.000000 -0.000545
2918.000000 -0.000559
2919.000000 -0.000571
2920.000000 -0.000580
2921.000000 -0.000587
2922.000000 -0.000592
2923.000000 -0.000595
2924.000000 -0.000595
2925.000000 -0.000593
2926.000000 -0.000588
2927.000000 -0.000581
2928.000000 -0.000572
2929.000000 -0.000561
2930.000000 -0.000547
2931.000000 -0.000531
2932.000000 -0.000513
2933.000000 -0.000493
2934.000000 -0.000472
2935.000000 -0.000448
2936.000000 -0.000422
2937.000000 -0.000395
2938.000000 -0.000367
2939.000000 -0.000336
2940.000000 -0.000305
2941.000000 -0.000272
2942.000000 -0.000239
2943.000000 -0.000204
2944.000000 -0.000169
2945.000000 -0.000133
2946.000000 -0.000096
2947.000000 -0.000059
2948.000000 -0.000022
2949.000000 0.000015
2950.000000 0.000052
2951.000000 0.000089
2952.000000 0.000125
2953.000000 0.000161
2954.000000 0.000196
2955.000000 0.000231
2956.000000 0.000264
2957.000000 0.000297
2958.000000 0.000328
2959.000000 0.000358
2960.000000 0.000386
2961.000000 0.000413
2962.000000 0.000439
2963.000000 0.000462
2964.000000 0.000484
2965.000000 0.000504
2966.000000 0.000521
2967.000000 0.000537
2968.000000 0.000551
2969.000000 0.000562
2970.000000 0.000571
2971.000000 0.000578
2972.000000 0.000582
2973.000000 0.000585
2974.000000 0.000585
2975.000000 0.000582
2976.000000 0.000577
2977.000000 0.000570
2978.000000 0.000561
2979.000000 0.000550
2980.000000 0.000536
2981.000000 0.000520
2982.000000 0.000503
2983.000000 0.000483
2984.000000 0.000461
2985.000000 0.000438
2986.000000 0.000412
2987.000000 0.000386
2988.000000 0.000357
2989.000000 0.000328
2990.000000 0.000297
2991.000000 0.000264
2992.000000 0.000231
2993.000000 0.000197
2994.000000 0.000162
2995.000000 0.000127
2996.000000 0.000091
2997.000000 0.000055
2998.000000 0.000018
2999.000000 -0.000018
3000.000000 -0.000055
